454 1196       
91442 -82.5191016 40.0680652      
70838 -82.5174297 40.07582      
409938 -82.5203367 40.0702502      
75790 -82.5229743 40.0675293      
48549 -82.5165258 40.0701142      
78055 -82.5240135 40.0738307      
93053 -82.5234667 40.0681891      
58606 -82.5213949 40.0752805      
35429 -82.5267501 40.0716189      
67438 -82.5284411 40.068428      
88563 -82.5234754 40.0680986      
30236 -82.5253717 40.0714017      
69609 -82.5189941 40.0742233      
70839 -82.5165461 40.0755907      
635949 -82.5253068 40.0725503      
52908 -82.5115169 40.0779361      
26038 -82.5236941 40.071846      
73734 -82.523438 40.0693668      
67411 -82.5252627 40.0681584      
91439 -82.518534 40.0678671      
62521 -82.5100894 40.0792039      
30219 -82.5251861 40.0710971      
30221 -82.5255374 40.0713698      
67454 -82.5264541 40.0680704      
51738 -82.5251789 40.0728973      
68176 -82.5185634 40.0683205      
69740 -82.5199802 40.0739238      
62337 -82.5277213 40.0732741      
47555 -82.5187205 40.068484      
56009 -82.521212 40.077365      
35969 -82.53058 40.0781895      
47568 -82.5186237 40.0683991      
50747 -82.5228742 40.0731528      
74069 -82.5161631 40.0681855      
44845 -82.5156266 40.0713296      
40221 -82.5188174 40.0712654      
10770 -82.5181643 40.0680256      
54171 -82.5246791 40.0690957      
89565 -82.5234472 40.0690765      
47556 -82.5187242 40.0684513      
26009 -82.5249072 40.0733812      
68215 -82.5194146 40.0687788      
15404 -82.5191457 40.0681057      
15384 -82.5211432 40.0713229      
19863 -82.519143 40.0741823      
11693 -82.5191006 40.0719892      
81123 -82.5217729 40.075888      
37204 -82.5276174 40.0742146      
99101 -82.525472 40.0759101      
44544 -82.5251867 40.0716041      
69297 -82.5284915 40.06653      
66299 -82.522673 40.070789      
67536 -82.5235282 40.0682971      
67539 -82.5223973 40.0691348      
36000 -82.5223883 40.0775734      
55353 -82.524034 40.0738962      
615 -82.5281039 40.0722354      
6259 -82.5191052 40.0763395      
30215 -82.5236492 40.0709586      
29666 -82.5236145 40.0674122      
85248 -82.5209072 40.0774417      
188 -82.5187831 40.0708527      
68222 -82.5192006 40.0686948      
6132 -82.523215 40.0711747      
45102 -82.5252592 40.0706723      
19708 -82.5252096 40.068245      
48032 -82.5264765 40.0729818      
89577 -82.5241599 40.0703638      
12576 -82.5183289 40.0690831      
75788 -82.5229745 40.0679637      
49374 -82.5188764 40.074066      
54357 -82.5204209 40.065081      
41831 -82.5254305 40.0708495      
73489 -82.5183869 40.0683705      
44530 -82.527877 40.0719186      
30232 -82.5253753 40.0715331      
36998 -82.5208161 40.067389      
67504 -82.5219748 40.0681048      
67521 -82.5202924 40.067963      
48038 -82.5251461 40.0725467      
54170 -82.5218952 40.0682008      
19658 -82.516944 40.086262      
77560 -82.5271802 40.0696933      
26008 -82.5250376 40.0734882      
9826 -82.5187013 40.0681202      
187 -82.5188351 40.0708161      
56023 -82.519176 40.07735      
30223 -82.5254108 40.0715563      
40184 -82.5178764 40.0725151      
97179 -82.5164911 40.0680863      
65987 -82.517704 40.0680619      
88564 -82.52273 40.0681475      
69997 -82.5145343 40.0781114      
88565 -82.5235455 40.0681024      
67414 -82.5251093 40.0683507      
74850 -82.5229743 40.0682644      
72629 -82.5193734 40.0767819      
56010 -82.521037 40.077409      
36852 -82.525078 40.0723565      
58160 -82.5195817 40.0679243      
64456 -82.5195634 40.0680838      
36014 -82.518197 40.074455      
68214 -82.5195429 40.0687859      
41830 -82.5255849 40.070897      
9953 -82.5198348 40.070953      
11688 -82.5184619 40.0727411      
92590 -82.5251358 40.0710919      
96667 -82.5235576 40.0679964      
65998 -82.5186234 40.0685183      
30224 -82.5255741 40.0713884      
25971 -82.5270061 40.0699462      
81122 -82.5217986 40.0757694      
40269 -82.5190239 40.071985      
33054 -82.5244136 40.0714656      
70037 -82.5207426 40.0846773      
15969 -82.5180451 40.0679956      
32393 -82.5146392 40.0700009      
73494 -82.5179158 40.0679916      
62949 -82.523663 40.0708302      
30238 -82.5254484 40.0713635      
68184 -82.5199676 40.0685887      
68177 -82.5186435 40.0683288      
29667 -82.5257876 40.0688049      
26013 -82.5194292 40.0708791      
47557 -82.5185047 40.0684372      
206 -82.517816 40.0715091      
12587 -82.5177686 40.0701888      
51754 -82.5181205 40.0745154      
88890 -82.5199034 40.0756564      
9824 -82.5188475 40.068197      
15399 -82.5193704 40.0682979      
44136 -82.5246621 40.07019      
37553 -82.52413 40.0705943      
19719 -82.5250621 40.0696474      
94372 -82.5283108 40.0707605      
12610 -82.5166827 40.0713379      
72630 -82.5192454 40.0767478      
74853 -82.5185457 40.0677119      
74080 -82.516515 40.0681838      
10771 -82.5177177 40.0680401      
62489 -82.5199494 40.078205      
62490 -82.5193609 40.0779764      
88560 -82.5219857 40.0680166      
30225 -82.5256014 40.0714151      
91441 -82.5183388 40.0678565      
41829 -82.525589 40.0708594      
44642 -82.5248424 40.0731491      
29662 -82.5241328 40.0681347      
62483 -82.5120066 40.0768813      
62947 -82.5219216 40.0679047      
184 -82.5186394 40.070704      
76800 -82.5227364 40.0735896      
74058 -82.5165954 40.0693947      
15379 -82.5214416 40.0723066      
15342 -82.5171991 40.0719265      
40207 -82.5188051 40.071204      
65994 -82.5187556 40.068567      
27122 -82.5183612 40.0705758      
29668 -82.5258562 40.0682872      
89586 -82.5252325 40.0708239      
35954 -82.5259141 40.0728515      
52344 -82.5188603 40.0681431      
51749 -82.5214127 40.0739756      
55341 -82.5249175 40.0732824      
19718 -82.5250702 40.0694434      
40254 -82.5190031 40.0718838      
67518 -82.5202776 40.0681153      
91440 -82.5183477 40.0677008      
89585 -82.5249068 40.0708027      
17650 -82.521391 40.078327      
62491 -82.5195142 40.077573      
49373 -82.5197314 40.0737968      
17647 -82.521259 40.078344      
67415 -82.5251415 40.0681902      
62484 -82.5211741 40.0800893      
33165 -82.5236573 40.0714081      
69952 -82.540028 40.069233      
11707 -82.520067 40.0733999      
95266 -82.5227986 40.0746854      
79134 -82.5402071 40.0862294      
9946 -82.5195926 40.070574      
30229 -82.5255768 40.0715412      
23859 -82.517161 40.0745256      
41828 -82.5258975 40.0709165      
62520 -82.5112857 40.0781412      
16709 -82.5189524 40.0708833      
88884 -82.5176154 40.0742012      
48039 -82.527991 40.073945      
69617 -82.5196673 40.0745782      
67509 -82.5219971 40.0679089      
40251 -82.5195351 40.071827      
74077 -82.5163648 40.0679859      
15354 -82.5168887 40.0720665      
45113 -82.5252358 40.0725563      
88575 -82.5257439 40.0668759      
40193 -82.5189686 40.0717801      
40192 -82.5184028 40.072338      
85239 -82.5212588 40.0774859      
35412 -82.5236706 40.0702566      
75787 -82.5229695 40.0680707      
74076 -82.5163923 40.0677502      
172 -82.5238695 40.0709774      
44137 -82.5246447 40.0701616      
67430 -82.5258426 40.0683649      
67403 -82.5258047 40.0681282      
15363 -82.5176563 40.0727313      
189 -82.5184252 40.0708758      
81121 -82.5218299 40.0754071      
44838 -82.5161595 40.0713249      
37552 -82.5241916 40.0700278      
51736 -82.5166468 40.0690248      
78313 -82.520779 40.077171      
88566 -82.5243557 40.0682394      
28150 -82.521444 40.0775238      
20125 -82.521755 40.0697239      
67449 -82.5284093 40.0664866      
65976 -82.5181871 40.0686374      
11469 -82.5188465 40.0680008      
62488 -82.5197672 40.078716      
68178 -82.5184144 40.0690493      
76793 -82.5220502 40.0738113      
28167 -82.5140875 40.077001      
8777 -82.5197422 40.0739912      
67519 -82.5200239 40.0681033      
82604 -82.5239189 40.0654191      
54023 -82.5209249 40.0767813      
63084 -82.5176214 40.067973      
88157 -82.5278372 40.067972      
72636 -82.5201639 40.0769812      
67436 -82.5284039 40.0684934      
67508 -82.5218276 40.0678993      
62485 -82.5206732 40.0799309      
73712 -82.518332 40.069045      
92631 -82.5201167 40.0685988      
15362 -82.5178898 40.0726173      
25969 -82.5281541 40.0696495      
68183 -82.5200122 40.0681028      
91444 -82.51912 40.0678991      
81120 -82.5216617 40.0753556      
54165 -82.5250966 40.069188      
30216 -82.524081 40.0709955      
85241 -82.5210907 40.0775579      
12603 -82.5160373 40.0717963      
40169 -82.5184106 40.0724991      
76797 -82.5225482 40.0734806      
58162 -82.5201688 40.0679563      
12572 -82.5184361 40.0678624      
50748 -82.5220225 40.0731032      
90598 -82.5249556 40.0733301      
63083 -82.5176394 40.0678184      
76798 -82.5225079 40.073491      
15397 -82.5193779 40.0682169      
74852 -82.5183313 40.0680318      
30053 -82.5186168 40.0686781      
50750 -82.5218589 40.0722295      
173 -82.52326 40.0705427      
70837 -82.515887 40.0771086      
73488 -82.5171766 40.0684523      
30231 -82.5254983 40.0715701      
64457 -82.5184143 40.0680375      
20124 -82.521792 40.0692832      
29663 -82.524135 40.0680368      
73726 -82.5235367 40.0681931      
73495 -82.5179397 40.0678347      
67520 -82.5200403 40.0679493      
45111 -82.525168 40.0723572      
17884 -82.5212709 40.0775147      
16769 -82.5174283 40.0679453      
10769 -82.5193821 40.0680649      
76794 -82.5230231 40.0737363      
69938 -82.5219034 40.0681008      
70036 -82.5180727 40.0865173      
40206 -82.5183614 40.0717159      
30214 -82.5233515 40.0709278      
175 -82.5232886 40.070924      
96670 -82.5252414 40.0673315      
15346 -82.5176366 40.0726179      
54168 -82.5247368 40.0683688      
52914 -82.5103564 40.0798428      
35994 -82.5214406 40.07746      
28149 -82.521527 40.0781164      
15348 -82.517203 40.0725146      
89581 -82.5236912 40.0705683      
71883 -82.5181112 40.0680378      
73704 -82.5132862 40.0688278      
55374 -82.5231298 40.0742561      
74033 -82.5133632 40.0716205      
76799 -82.5222391 40.0733287      
11686 -82.521722 40.0732031      
15381 -82.5213074 40.0716129      
176 -82.5233159 40.0705826      
12803 -82.5207228 40.0681256      
92592 -82.5244454 40.0712963      
65996 -82.5185015 40.0684698      
9825 -82.51878 40.0681072      
15388 -82.5202992 40.0713812      
44517 -82.5278114 40.071911      
67544 -82.522032 40.0689433      
67412 -82.5252166 40.0681555      
9954 -82.5198886 40.0712224      
62487 -82.5202949 40.0787232      
68223 -82.5191927 40.0687667      
9827 -82.5174337 40.0680189      
67543 -82.5224135 40.0689653      
59686 -82.5221399 40.0657301      
179 -82.5207851 40.0708527      
52345 -82.5191948 40.068128      
38310 -82.5201629 40.0691887      
11706 -82.5199743 40.0731728      
41827 -82.5259244 40.0708919      
26002 -82.5214106 40.0745878      
88882 -82.5166043 40.0735634      
15395 -82.5193866 40.0681231      
88559 -82.5227379 40.068058      
79378 -82.5210043 40.0818944      
21222 -82.5255685 40.0703793      
11501 -82.519261 40.0681335      
15385 -82.5205607 40.0712308      
9470 -82.5218169 40.0733039      
95263 -82.5226038 40.0743615      
30899 -82.5269852 40.0714076      
30228 -82.5256032 40.0715138      
78321 -82.520413 40.077093      
62517 -82.5119581 40.0782163      
66297 -82.522614 40.070549      
9830 -82.5189489 40.0681227      
64455 -82.5201591 40.068109      
74065 -82.5161704 40.0677381      
96665 -82.5219666 40.068205      
73711 -82.516653 40.0689585      
96669 -82.5251484 40.0681512      
67431 -82.5273969 40.0684524      
67424 -82.5306929 40.0685882      
15366 -82.5173147 40.0727447      
12809 -82.5218101 40.0680955      
40220 -82.5189324 40.0717867      
54755 -82.5207149 40.0728414      
67528 -82.523593 40.0669797      
69946 -82.5274031 40.0683866      
21214 -82.5241669 40.07031      
69937 -82.5207229 40.0679912      
21018 -82.519121 40.0683156      
21204 -82.522638 40.0704947      
74851 -82.5185207 40.0680418      
98651 -82.529152 40.0684556      
40185 -82.5187801 40.0723894      
47917 -82.5237113 40.0698899      
88561 -82.5219112 40.0680125      
30230 -82.5255405 40.0715606      
30213 -82.5230779 40.0709114      
62482 -82.5158887 40.0771047      
40183 -82.5177889 40.0725076      
204 -82.5183334 40.0710752      
56080 -82.51908 40.076957      
14069 -82.5187223 40.0680259      
67507 -82.5218155 40.0680073      
30218 -82.5244995 40.0710427      
47565 -82.518682 40.068348      
51729 -82.5117403 40.0686672      
56014 -82.520691 40.077492      
98653 -82.529122 40.068805      
88860 -82.516046 40.0716983      
27124 -82.519271 40.0707732      
62269 -82.5179197 40.0754107      
21424 -82.5281467 40.0702373      
62948 -82.5244152 40.07074      
88578 -82.5258253 40.0668211      
1711 -82.5273717 40.0700439      
45105 -82.5251358 40.0713537      
66303 -82.5229838 40.0715276      
32396 -82.5142577 40.0745337      
69185 -82.5374823 40.1155698      
36162 -82.5258093 40.0738687      
51737 -82.5200545 40.0691824      
30226 -82.5256163 40.0714472      
27125 -82.5191633 40.0707018      
69947 -82.528373 40.068426      
78319 -82.520548 40.077089      
174 -82.5236029 40.0707873      
89587 -82.5247024 40.0709231      
21410 -82.5284419 40.070539      
19137 -82.516674 40.086289      
11704 -82.520176 40.0733079      
91443 -82.5191371 40.0677447      
54175 -82.5235967 40.0683011      
92594 -82.5236837 40.07157      
88154 -82.5283737 40.0680049      
62952 -82.5200563 40.0677985      
62486 -82.5207573 40.0792163      
178 -82.5233124 40.070626      
9828 -82.5186007 40.0680997      
19139 -82.51131 40.085926      
1704 -82.5271667 40.0703851      
5766 -82.5251505 40.0680938      
96666 -82.5217979 40.0681946      
30227 -82.5256169 40.0714813      
70025 -82.5186148 40.0772497      
67419 -82.5251976 40.068344      
5773 -82.5168438 40.0679235      
47559 -82.5186176 40.068463      
53554 -82.5303785 40.0725944      
69593 -82.5183342 40.071818      
89584 -82.5245581 40.0707801      
12807 -82.5201013 40.0687432      
54167 -82.5246737 40.0691599      
88567 -82.5243631 40.0681474      
56020 -82.520185 40.077524      
52913 -82.5099431 40.0798253      
17532 -82.5264378 40.0725185      
44135 -82.5246261 40.0701311      
30237 -82.5254057 40.0713776      
63574 -82.518365 40.2543327      
41108 -82.521415 40.0742846      
92589 -82.5248746 40.0710705      
11502 -82.5190756 40.0681261      
11710 -82.5198664 40.0732838      
170 -82.524088 40.0709386      
36013 -82.5181402 40.0744109      
65971 -82.5181337 40.0681329      
30220 -82.5254953 40.0713611      
41109 -82.5212562 40.0742845      
68174 -82.5185215 40.0683375      
40240 -82.5190653 40.0720357      
67537 -82.5234568 40.0682928      
205 -82.5181074 40.0716348      
56017 -82.520421 40.077535      
11696 -82.5195077 40.0719526      
17537 -82.5271591 40.0721849      
74070 -82.5161619 40.0682023      
30233 -82.525352 40.0715025      
40282 -82.5183988 40.071729      
76778 -82.5248674 40.0731339      
15355 -82.5177616 40.0725719      
50749 -82.5231757 40.0722917      
44542 -82.5267639 40.0718463      
14071 -82.5179934 40.0680598      
74846 -82.5233845 40.0682885      
56025 -82.518954 40.077307      
30918 -82.528203 40.0713108      
19664 -82.520569 40.086523      
15361 -82.5170824 40.0723252      
16877 -82.5265121 40.0744461      
67533 -82.5234854 40.0679924      
67538 -82.5223821 40.069313      
65990 -82.5185296 40.0685527      
53604 -82.528066 40.075154      
88568 -82.5251227 40.0682827      
67432 -82.5291443 40.0685323      
70033 -82.5117696 40.079986      
30222 -82.5254546 40.071569      
77539 -82.5196037 40.0681192      
40124 -82.5190099 40.0681522      
62330 -82.5252432 40.067008      
74059 -82.5169656 40.0694209      
58162 67521 10.544161045847199  West Broadway   
96665 67504 11.165016295660045      
67533 75788 43.59226991743559      
19137 19139 458.1125097233901      
56014 56017 23.502258254823147      
11696 15379 174.14494256057546      
17537 615 80.94334363727893      
30238 30237 3.957238106742247  Herrick Hall   
187 188 6.011777880786801      
74070 74069 5.681603069635969  Granville Inn   
30215 30214 25.56229713962723      
74058 74059 31.636124854437334      
74080 74077 34.86420666051917      
88561 69938 9.840935277657723  South Mulberry Street  
25971 1704 50.684593107215655  Thresher Street   
12807 92631 16.10995785815989  North Main Street  
76798 76797 3.6188205719159545      
88575 67454 228.7120687353183      
56014 78313 46.90373047038931      
96665 54170 6.093722147      
62491 70837 312.90643438608464      
74846 67537 6.170929107020416      
206 205 28.463674902795848      
56020 56017 20.16518874665729      
77560 25971 31.784904242812388  Thresher Street   
15388 15385 28.204432166135255      
47557 65996 3.6353162433687496      
27124 27125 12.125158159843382      
68184 64456 90.94922365100489  Linden Place   
30231 30222 3.720489097345632  Herrick Hall   
68215 68223 18.930348914269867      
62521 52913 177.3783070736968      
62337 48039 79.68309859665678  Sunset Hill Road  
70037 19664 205.76346735539582      
92631 64455 54.58273162880294  North Main Street  
69593 40184 87.51920555756195  East Loop   
40192 40185 33.10797081323403      
35412 47917 41.14598705      
67520 58160 39.12371197985787  East Broadway   
36998 69937 67.60868591725317      
40221 9954 97.56730053  East Loop   
12572 91439 8.34724128  East Broadway   
63083 73711 207.14759950107208  North Pearl Street/East Broadway 
17650 17884 91.01504964  North Street   
79134 30918 2288.744495853345  Burg Street   
52908 62520 30.11766822316186      
96667 29666 65.14037101862417  Cherry Street   
52908 62520 150.28284606584782      
30224 30221 3.745631888863761      
54171 54168 80.97669906717506      
96667 67533 6.159973384648736      
67430 29668 8.717022064441853      
30231 30230 3.742996913983358      
67543 67544 32.55551380169378      
66297 21204 6.373915519222285  West Loop Road  
17650 17647 11.534888861962905      
27124 26013 17.885107315487218      
81120 81122 54.82447168284484      
37553 89577 25.75643802896994      
73726 88565 10.113156450347311  Cherry Street   
52913 62521 177.37830707369682      
73704 73711 286.89899174802025      
30215 33165 50.26528696599087      
19719 37552 96.30662547858142      
41109 41108 13.511921268777582      
67438 67436 7.931259280734456      
55353 26009 94.53442412999608  North Loop Road  
66303 66299 86.41471503783846  President's Drive   
9953 179 83.01140475333537      
88884 88882 111.49569276544526  North Pearl Street  
35954 36162 132.6902579685143  Ebaugh Drive   
204 188 53.915506140009896      
67415 96669 4.376176990177347      
64455 67519 11.522337377987972      
30232 30233 3.9380542780721393  Herrick Hall   
21424 21410 42.06622115829455      
67419 19708 11.055572862955856  North Plum Street  
40282 40220 47.96730325161149      
15355 15361 67.43228532456297      
56017 56014 23.502258254823147      
56080 72630 27.82604124183475      
28167 62483 177.55154911495816      
74070 74077 52.87881326985908      
63083 63084 17.25886430367953      
30233 30232 3.9380542780721393      
30237 30238 3.957238106742247  Herrick Hall   
30220 30221 3.7106655819395558  Herrick Hall   
56020 56023 88.08573194306297      
63084 73488 85.56426636305983      
41827 41831 108.09293682160042  Seeley G Mudd Learning Center
35412 21204 100.21133506764345  West Loop Road  
91441 12572 8.305758516  East Broadway   
92594 33165 21.50492071628994  Reese-Shackelford Commons   
6259 88890 106.19151150509609      
51754 88884 55.386937841861645  North Pearl Street  
36000 35969 702.9765128275188      
96670 5766 85.14607408390579      
44838 44845 47.602856572594604      
9946 179 115.50623735835967      
11707 11704 14.172742291948534      
73712 12576 4.244737375904831  North Prospect Street  
70033 19139 661.6551766325482      
58606 81123 86.12798395657768  Ebaugh Drive   
88884 23859 54.775472365529204  Cedar Lane   
91441 91440 17.329631629028835      
89585 89586 27.81453017821077      
89584 89587 20.089962444901083      
15384 15381 35.55586487245182      
68184 92631 12.737235078086899  Linden Place   
35412 21214 42.64686575613177  West Loop Road  
77560 67431 140.18809805884126  Thresher Street   
75790 75788 48.55357861599459      
35994 36000 82.59163005557058      
73711 73712 143.19674819268937      
172 62949 24.013854612145824      
54023 88890 152.76334227915817  North Pearl Street  
52914 70033 130.21109257387647      
79378 70037 310.2447273996251      
94372 21410 61.00670414875962  Sheppard Place   
15384 15385 50.612664023980386      
74077 74076 26.312947675109072      
11693 40254 15.103123411328417      
26013 27124 17.885107315487218      
62949 89581 29.22068636975693      
20124 38310 139.0242261121606  West College Street  
62486 62485 79.78152173583236      
90598 55341 6.216292787381205      
19718 25971 177.3366895516586  West College Street  
21222 89577 122.6703004502215      
64457 73489 37.10129967260674  North Prospect Street  
21424 21424 82.59538768040062      
62269 70838 61.72186861359014      
78319 54023 48.83741896187236      
88560 67504 9.851170003079346      
26008 45113 107.50885817162677      
206 204 69.17965405259834      
51736 12576 143.28363062354424  East College Street  
30214 174 26.48957507999824      
187 16709 12.468417077665219  Chapel Drive   
67431 67436 86.09442269882359      
48039 62337 79.68309859665678  Sunset Hill Road  
82604 29666 223.78741235408634  Cherry Street   
175 30213 17.983511149361732      
67432 98653 30.38288463465824      
92592 30218 29.26314477797212      
76799 76798 29.134419244809088      
76800 76793 63.40136937079501  Washington Drive   
9946 409938 82.07287323946122  Chapel Drive   
89587 89585 21.948680517705498      
67537 67536 6.094576239867347      
30237 30238 3.957238106742247      
30222 30223 3.985559030167965  Herrick Hall   
67508 67521 146.54876791510767      
40207 40221 6.907135132516893      
52914 52913 35.21765521058638      
184 187 20.80100027575197  Chapel Drive   
74058 48549 80.22377447117985  North Pearl Street  
81120 58606 24.509244540559074      
30229 30228 3.7853652742173685      
178 30213 39.60864864947032      
67508 62947 8.021492595      
40251 40254 46.45472980124347      
62488 62487 44.90495914416415      
9470 11686 13.876556289978868      
45102 89586 17.009589388829237      
204 205 71.02865855309213      
70837 62491 312.90643438608464      
29666 29663 108.25201526753392      
96666 54170 8.308418999      
67414 67419 7.550736894830932      
15362 15363 23.567810146442806      
41827 41828 3.566762732976779  Seeley G Mudd Learning Center
69740 8777 21.593272752392632  Washington Drive   
176 178 4.835047796520487      
40206 40282 3.499928323241601      
78321 78319 11.742028466840821      
29663 96667 49.33961413461746      
75787 88559 19.758626198599206  West Broadway   
73726 88566 69.88288247872492  West Broadway   
21204 35412 100.21133506764345  West Loop Road  
67520 58162 10.962445810197277  East Broadway   
54175 67536 5.845960082396475      
89585 92589 29.903833066209724      
70838 62269 61.72186861359014      
96669 67412 5.823162362862148      
67449 67438 228.4579989041008      
41108 26002 33.71642802035702  Ebaugh Drive   
92590 30219 4.318988480549309      
1704 1711 47.554994339226916      
40240 40269 6.647718952774981      
65990 65994 19.297046045338877      
54168 54171 80.97669906717506      
44517 44530 186.59809999476607  Smith Hall   
62517 52908 48.78416442676721      
89577 21214 6.011876247784634      
73734 89565 32.289424563094606      
89587 30218 21.79325369393849      
21018 15399 49.44646404698935      
99101 53604 277.12686565379926      
74059 74058 31.636124854437334      
96667 29663 49.33961413461746      
36014 51754 9.352892842  Washington Drive   
85248 85241 23.11992341750971      
27124 16709 30.736076867596616  Chapel Drive   
15404 15395 20.590571719494932      
21214 44137 45.45362648413191  West Loop Road  
26038 66303 73.26963688787457  Ridge Road   
62269 28167 502.1232588      
30223 30222 3.985559030167965  Herrick Hall   
51749 76793 57.38547717  Washington Drive   
56017 56020 20.16518874665729      
30213 179 201.29297160923971      
81121 81122 40.37391091299081      
37553 89581 37.45024391301893      
67509 88560 12.016567788033058      
93053 73726 5.973250088637746  West Broadway   
40169 40192 17.965677709520133  Bancroft Drive   
75788 75787 11.90547923      
69938 88561 9.840935277657723  South Mulberry Street  
89581 35412 38.19556977718703      
189 184 26.403588876763813      
58606 81120 24.509244540559074      
17884 28150 14.762689482021381  New Burg Street  
62490 62489 56.15396834282444      
52908 62517 48.78416442676721      
44544 44542 137.7861132138379      
16877 99101 200.75966827746743  Ebaugh Drive   
184 27122 28.399130966260582  Chapel Drive   
68183 64456 38.24919529      
74851 91439 19.45872239964004      
66299 66303 86.41471503783846  President's Drive   
26009 90598 7.0175695381131025  North Loop Road  
67414 88568 7.646761682212006      
35994 36014 443.12336674548465      
62520 52908 150.28284606584782      
28150 35994 7.100142011895799      
62269 62491 3680.3369749675867      
12809 69938 7.9612403930363085  West Broadway   
15355 40184 11.632292885687704  East Loop   
73734 67538 90.04949143  West College Street  
30221 30220 3.7106655819395558      
8777 19863 55.24699969194711  Washington Drive   
35954 48032 51.315308241059235  Ebaugh Drive   
45113 45111 23.09791524914231      
12809 67507 9.818165525785181      
30918 94372 63.753729306715606  Sheppard Place   
30218 30216 36.37308148871269      
12587 15342 209.38931822442038  North Prospect Street  
21214 89577 6.011876247784634      
72629 72636 109.82014324364248      
72630 72629 11.532014743136738      
17884 85239 3.3638338549550513  North Pearl Street  
67519 68183 0.997166845      
67533 88563 11.83953820872021      
85248 56010 11.627039412128019      
62491 62269 3680.336974967587      
76793 51749 57.38547717  Washington Drive   
74070 74069 201.90684387634224  Granville Inn   
78313 56010 34.60040999792233      
30224 30225 3.7697089224117475  Herrick Hall   
91439 91444 49.99283138  East Broadway   
30220 30238 3.999694326341675  Herrick Hall   
44530 44517 178.69712423656784  Shorney Hall   
37552 47917 44.94881721141708      
32396 88882 227.80048533037862  Cedar Street   
30226 30227 3.792096057325552      
11693 40185 54.27250034167355      
40192 40169 17.965677709520133  Bancroft Drive   
35994 28150 7.100142011895799      
67518 67521 16.98177629      
59686 62947 242.5201571511293  South Mulberry Street  
12576 51737 147.25289240119227  East College Street  
40184 69593 87.51920555756195  East Loop   
37204 37204 64.85245418826487  Silverstein Park   
70025 69997 489.0894917182533      
51754 36014 9.352892842  Washington Drive   
67438 69947 5.799232107130343  West Broadway   
41831 41827 108.09293682160042  Seeley G Mudd Learning Center
23859 88884 54.775472365529204  Cedar Lane   
63574 17650 19670.088350528564  North Street   
88561 67507 8.164138398633119  West Broadway   
64457 74851 9.066770826494514      
68223 68222 95.31427642842128      
44642 55341 16.206320483156386  North Loop Road  
15348 15354 87.02973069895756      
81120 81121 15.548399204617743      
45113 635949 6.0781031317788345  Ebaugh Drive   
66303 26038 73.26963688787458  Ridge Road   
72636 78321 25.69036774820952      
68223 68222 8.023139427240157      
36000 79134 1931.4806786972279  New Burg Street  
33054 33165 69.12729706214022  Reese-Shackelford Commons   
170 30216 6.354976183292741      
67519 67520 17.18081627800429      
68178 68184 186.1639349      
73495 73494 17.564650410771748      
67419 54165 94.26165391412839  North Plum Street  
12809 96666 11.080775025736017      
65996 65990 12.217241845254232      
94372 30918 63.753729306715606  Sheppard Place   
21424 21424 82.59538768      
67436 67431 86.09442269882359      
30216 172 18.109095276259357      
9470 76799 37.19096252998303      
88564 93053 62.86011944  West Broadway   
30228 30227 3.797210857288197  Herrick Hall   
56025 70025 29.57151153040499      
96665 74850 86.00442856837392      
67403 67411 52.14558331539506      
74852 91441 19.50294351449095      
36000 35994 82.59163005557056      
89584 89585 29.777809073551413      
40251 11696 14.159372638109616      
67539 67544 51.52521954164453      
27125 27124 12.125158159843382      
92592 45105 59.09275989325842      
205 206 28.463674902795848      
75788 75790 48.55357861599459      
47555 47556 3.6496853924268775      
19658 70036 106.69379964701001      
15395 15399 71.28873902612945      
69947 67438 5.799232107130343  West Broadway   
51737 12576 147.25289240119227  East College Street  
30222 30231 3.720489097345632  Herrick Hall   
88568 67415 10.409215523570623      
64457 74852 7.091303373458067      
54023 78319 48.83741896187236      
30214 175 5.368929366000442      
47557 68174 11.677670942599226      
88860 44838 42.628682321242316  North Pearl Street  
21204 173 53.95783010434372      
62487 62488 44.90495914416415      
73734 19718 139.15091805287972  West College Street  
51729 51736 421.5356955492576  East College Street  
45111 45113 23.09791524914231      
74069 74070 5.681603069635969  Granville Inn   
67412 96669 5.823162362862148      
6259 72630 50.473457932712115      
66303 15381 143.19191716582216  East Loop   
30216 170 6.354976183292741      
67430 67419 55.123325842844956      
17647 85241 89.18212825100213      
74069 74070 201.90684387634226  Granville Inn   
73495 91441 34.048086056674535  East Broadway   
67507 69937 94.91484125060741  West Broadway   
58162 67520 10.962445810197277  East Broadway   
91439 12572 8.34724128  East Broadway   
409938 66299 231.13195723675946  Chapel Drive   
63084 5773 66.39882959563121      
67414 54168 32.96114537453239      
15399 21018 49.446464046989355      
81123 58606 86.12798395657768  Ebaugh Drive   
40193 40254 11.89875075516901      
88566 88567 10.24931013123803      
94372 21410 27.359373682463822  Sheppard Place   
17647 56017 182.04726617480384      
66297 51737 295.2143988990424  President's Drive   
68223 68215 18.930348914269867      
67509 75788 83.39532383137505      
68214 68215 10.946133472214644      
40169 40184 46.29817498790281      
62482 70839 177.3984806506722      
92592 33054 19.01880303315055      
44838 48549 138.1850652381391  North Pearl Street  
98653 67432 30.38288463465824      
70033 52914 130.21109257387647      
56080 56023 45.152225339057836      
15348 15361 24.65964692546685  East Loop   
12572 91441 8.305758516  East Broadway   
30224 30225 3.7697089224117475      
62484 79378 201.23745741855177      
17884 17650 91.01504963555242  North Street   
68222 68223 8.023139427240157      
33165 30215 50.26528696599087      
62337 17532 138.3176163665239  Sunset Hill Road  
30229 30230 3.767514163042027  Herrick Hall   
29662 29663 10.887608329397894      
88578 67454 242.42703344043005      
88564 88559 9.974639455718036      
48549 44838 138.1850652381391  North Pearl Street  
69593 40192 60.627135008312905  Bancroft Drive   
62490 62491 46.71398303146731      
44845 44838 47.602856572594604      
54165 67419 94.26165391412837  North Plum Street  
206 205 147.2006231      
76798 76793 54.93558507659542      
30918 30899 106.45980031946543  Burg Street   
62521 52913 70.20883484552016      
48549 74058 80.22377447117985  North Pearl Street  
33165 92594 21.504920716289945  Reese-Shackelford Commons   
41827 41831 137.88988313231417  William Howard Doane Library 
26009 26008 16.26871216731998      
56009 56010 15.672883969824056      
178 175 33.19796431083735      
174 62949 6.9934790351501475      
19664 70036 212.3670469586566      
67430 67431 132.62050572373994      
51749 69740 122.07358632816582  Washington Drive   
40185 11693 54.27250034167355      
69937 12803 14.944621675177094  Locust Place   
64455 58162 16.999540705109144  North Main Street  
72636 72629 106.38998256922011      
92594 26038 64.02934824220527      
36000 28150 80.53348093891157  New Burg Street  
62483 62517 148.50278157210485      
62269 70838 61.72186861359014      
70025 6259 296.9480597446968      
40184 15355 11.632292885687704  East Loop   
85239 56009 14.020805058873911  North Pearl Street  
56023 56080 45.152225339057836      
89581 37553 37.45024391301893      
55374 95263 47.315499495943314      
15385 15388 28.20443216613526      
73494 73489 78.06465407041296      
62485 62486 79.78152173583236      
56017 17647 182.0472661748038      
62948 170 36.284547815924654      
88565 88563 5.980131448284607  West Broadway   
52914 70033 1108.0998545448424      
30227 30228 3.797210857288197  Herrick Hall   
92594 33054 80.39174003300403  Reese-Shackelford Commons   
29668 67430 8.717022064441853      
44137 44136 3.487808169      
93053 88563 10.090350707727467      
188 204 53.915506140009896      
44544 45105 28.178099279255733      
96667 88565 11.831567419869536  Cherry Street   
58160 64456 17.803850397328013  Linden Place   
72630 6259 50.473457932712115      
96666 12803 91.80710552608183      
67518 64455 10.108102573752047      
74852 64457 7.091303373458067      
26038 92594 64.02934824220527      
30236 30233 27.436292651881494  Herrick Hall   
49374 69609 20.15527069343188  Bancroft Drive   
67504 96665 11.165016295660045      
76778 44642 2.716937933541001  Washington Drive   
45105 30219 29.841182612695654      
15399 15397 9.029385090546603      
12807 51737 48.998985022285765  North Main Street  
33054 92594 80.39174003300403  Reese-Shackelford Commons   
89584 62948 13.389446595633913      
12603 88882 215.63533007315587  North Pearl Street  
30227 30228 3.797210857288197      
38310 21204 289.41814117415197      
15404 21018 23.434297304405113      
40185 40192 33.10797081323403      
68178 74851 112.39363780330915      
37552 21214 31.44956316801673      
68215 68214 68.40634313158228      
70033 19139 661.6551767109665      
89586 89585 27.81453017821077      
85248 56014 19.235257385878274      
15397 15399 9.029385090546603      
28150 17884 14.762689482021381  New Burg Street  
36852 48038 21.928765722611146  Washington Drive   
54168 54175 97.30850990326647      
85241 17647 89.18212825100213      
37553 170 38.450916138861594      
88560 88561 6.355983899831343  West Broadway   
40251 40193 74.63386969      
51737 38310 9.250752865521005  West College Street  
67412 67411 3.9361241486625964      
67543 67539 18.897912666317506      
11706 11710 15.382902277591974      
88565 96667 11.831567419869536  Cherry Street   
29663 29666 108.25201526753392      
67544 67543 72.10575417119263      
88567 88566 10.24931013123803      
45105 92592 59.09275989325842      
26002 58606 77.03654470276551  Ebaugh Drive   
30899 1704 121.28649452054415  Thresher Street   
40221 40207 6.907135132516893      
15346 15355 11.861695401055279  East Loop   
73711 51736 7.391087886232082  North Pearl Street  
30218 92589 32.06722717      
64456 91442 39.35144182091872      
36852 26038 145.1318590160378  Ridge Road   
30215 172 18.861920416539267      
95263 95266 133.88717947203807      
67454 88578 242.4270334      
67419 67414 7.550736894830932      
68174 47557 11.677670942599228      
44530 44517 186.59809999476607  Smith Hall   
62949 172 24.013854612145824      
68178 73712 7.028043891437966      
30225 30226 3.7878506597421184      
55353 78055 7.489242036  North Loop Road  
67543 67544 72.10575417119263      
41829 41831 13.531920670235133  Seeley G Mudd Learning Center
58606 26002 77.03654470276551  Ebaugh Drive   
19139 70033 661.6551767109665      
37553 62948 56.605596244248126      
47556 47555 3.6496853924268775      
19708 67419 11.055572862955856  North Plum Street  
88563 75787 43.161392932978984  West Broadway   
41827 41828 3.566762732976779  William Howard Doane Library 
11710 49373 60.39649621418293      
67538 20124 50.323104397716016  West College Street  
68174 47565 13.707570835057885      
204 206 69.17965405259834      
63084 63083 17.25886430367953      
47565 47556 19.481620181358256      
62489 62490 56.15396834282444      
48032 635949 126.36671912066623  Ebaugh Drive   
48032 48039 196.49138623500934      
35429 21222 174.88618272372372  West Loop Road  
72629 72636 70.81609613072177      
44137 21214 45.45362648413191  West Loop Road  
40220 40193 3.1665043972690508      
62482 28167 153.6868072235257      
92590 92589 22.35295526      
78055 55374 106.75886306083609  North Loop Road  
85239 85241 16.56473728279356      
62487 62486 67.48436741308942      
47556 47565 19.481620181358256      
48549 12587 106.07816370949261  Summit Street   
30227 30226 3.792096057325552      
27122 184 28.39913096626058  Chapel Drive   
65990 65996 12.217241845254232      
74033 88860 228.4471975614863  Spellman Street   
51738 76778 37.56454179791198  Washington Drive   
56020 78321 52.81407303805067      
17650 63574 19670.088350528586  North Street   
41828 41827 3.566762732976779  William Howard Doane Library 
174 30214 26.48957507999824      
30225 30224 3.7697089224117475      
70839 70837 177.85562726836756      
67411 67412 3.9361241486625964      
26002 95266 164.63842163730573      
15381 66303 143.19191716582216  East Loop   
26038 76799 264.5160391005043      
67521 58162 10.544161045847199  West Broadway   
67507 67508 12.067607532206168      
54170 96665 6.093722147      
53604 48039 138.8384060141077  Sunset Hill Road  
15404 21018 151.80937940534238      
73489 73712 75.14643917  North Prospect Street  
73712 68178 7.028043891437966      
30218 92592 29.26314477797212      
30223 30232 3.9723810857317154      
21018 15404 23.434297304405113      
23859 23859 172.98758642433097  Cedar Lane   
30226 30225 3.7878506597421184      
29663 29662 10.887608329397894      
204 189 27.321515454462123      
11688 49374 158.1228270966201  Bancroft Drive   
19708 29668 55.222255166834536  West Broadway   
67438 98651 60.57178796926564  West Broadway   
58160 91444 39.38843624414408  East Broadway   
19718 73734 139.15091805287972  West College Street  
78313 78319 22.072201502837398      
45111 44544 89.72414526118347      
5766 29663 86.64651022539275      
21018 15404 151.80937940534238      
40282 40221 63.07450049903472  East Loop   
12576 12587 136.94453206936038  North Prospect Street  
92631 68184 12.737235078086899  Linden Place   
40282 69593 11.320490426008538  East Loop   
51749 41108 34.35983820154388  Ebaugh Drive   
30220 30238 3.999694326341675      
74851 91442 49.500363030347906      
68222 68223 95.31427642842128      
41831 41829 13.531920670235133  William Howard Doane Library 
63084 73494 25.13734660680601      
67419 67430 55.123325842844956      
70037 79378 310.2447273996251      
30238 30237 3.957238106742247      
67536 89565 86.96433180010362      
96670 67412 91.89288047379753  South Plum Street  
62486 62487 67.48436741308942      
62948 37553 56.605596244248126      
49373 49374 78.66787456      
93053 67537 11.561663374837567      
76797 76778 202.80331667913387      
69938 54170 11.141380766885197  North Mulberry Street  
67424 67432 134.4248433865863      
91441 74852 19.50294351449095      
95266 95263 133.88717947203807      
30215 62949 14.325656974403293      
91444 91439 49.99283138  East Broadway   
51737 66297 295.21439889904246  President's Drive   
45111 36852 7.658499604728481  Sunset Hill Road  
67509 62947 6.441669828496762      
99101 16877 200.75966827746745  Ebaugh Drive   
15361 15355 67.43228532456295      
76793 76798 54.93558507659543      
30237 30236 3.9435236671765095  Herrick Hall   
9954 9953 31.525670219462228  Chapel Drive   
78319 78313 22.072201502837395      
29668 19708 55.222255166834536  West Broadway   
91439 74851 19.45872239964004      
29668 69946 132.09677565449792  West Broadway   
35429 30899 30.85832521088009  Thresher Street   
68183 68184 54.16282278532319      
54170 96666 8.308418999      
